[0m[38;2;160;20;20m                   [38;2;190;40;40m/\
[38;2;160;20;20m                 [38;2;190;40;40m/[38;2;190;40;40m-[38;2;220;60;60mxx[38;2;190;40;40m-[38;2;190;40;40m\
[38;2;160;20;20m       [38;2;190;40;40m/[38;2;160;20;20m.        [38;2;190;40;40m\[38;2;220;60;60mx[38;2;255;80;80mxx[38;2;220;60;60mx[38;2;190;40;40m/[38;2;160;20;20m        .[38;2;190;40;40m\
[38;2;160;20;20m     [38;2;190;40;40m/[38;2;160;20;20m-      [38;2;190;40;40m/[38;2;190;40;40m--[38;2;190;40;40m\[38;2;160;20;20m.[38;2;220;60;60mx[38;2;255;80;80mxx[38;2;220;60;60mx[38;2;160;20;20m.[38;2;190;40;40m/[38;2;190;40;40m--[38;2;190;40;40m\[38;2;160;20;20m      -[38;2;190;40;40m\
[38;2;160;20;20m   ,[38;2;220;60;60mxx[38;2;160;20;20m.      [38;2;190;40;40m\[38;2;220;60;60mx[38;2;255;80;80mx[38;2;220;60;60mx[38;2;160;20;20m\[38;2;220;60;60mx[38;2;255;80;80mxx[38;2;220;60;60mx[38;2;160;20;20m/[38;2;220;60;60mx[38;2;255;80;80mx[38;2;220;60;60mx[38;2;190;40;40m/[38;2;160;20;20m      .[38;2;220;60;60mxx[38;2;160;20;20m,
  [38;2;190;40;40m/[38;2;220;60;60mxx[38;2;190;40;40m/[38;2;160;20;20m         .[38;2;220;60;60mxx[38;2;255;80;80mxxxx[38;2;220;60;60mxx[38;2;160;20;20m.         [38;2;190;40;40m\[38;2;220;60;60mxx[38;2;190;40;40m\
 [38;2;190;40;40m/[38;2;220;60;60mx[38;2;255;80;80mx[38;2;220;60;60mx[38;2;160;20;20m.          .[38;2;220;60;60mxx[38;2;255;80;80mxx[38;2;220;60;60mxx[38;2;160;20;20m.          .[38;2;220;60;60mx[38;2;255;80;80mx[38;2;220;60;60mx[38;2;190;40;40m\
.[38;2;220;60;60mx[38;2;255;80;80mxx[38;2;220;60;60mx[38;2;160;20;20m,           [38;2;190;40;40m\[38;2;220;60;60mx[38;2;255;80;80mxx[38;2;220;60;60mx[38;2;190;40;40m/[38;2;160;20;20m           ,[38;2;220;60;60mx[38;2;255;80;80mxx[38;2;220;60;60mx[38;2;160;20;20m,
[38;2;190;40;40m/[38;2;220;60;60mx[38;2;255;80;80mxx[38;2;220;60;60mx[38;2;190;40;40m\[38;2;160;20;20m           .[38;2;220;60;60mx[38;2;255;80;80mxx[38;2;220;60;60mx[38;2;160;20;20m.           [38;2;190;40;40m/[38;2;220;60;60mx[38;2;255;80;80mxx[38;2;220;60;60mx[38;2;190;40;40m\
[38;2;220;60;60mxx[38;2;255;80;80mxx[38;2;220;60;60mxx[38;2;190;40;40m\[38;2;160;20;20m          |[38;2;220;60;60mx[38;2;255;80;80mxx[38;2;220;60;60mx[38;2;160;20;20m|          [38;2;190;40;40m/[38;2;220;60;60mxx[38;2;255;80;80mxx[38;2;220;60;60mxx
[38;2;220;60;60mxx[38;2;255;80;80mxxx[38;2;220;60;60mxx[38;2;190;40;40m-[38;2;160;20;20m-       [38;2;190;40;40m/[38;2;220;60;60mxx[38;2;255;80;80mxx[38;2;220;60;60mxx[38;2;190;40;40m\[38;2;160;20;20m       -[38;2;190;40;40m-[38;2;220;60;60mxx[38;2;255;80;80mxxx[38;2;220;60;60mxx
[38;2;190;40;40m\[38;2;220;60;60mxx[38;2;255;80;80mxxx[38;2;220;60;60mxxxx[38;2;190;40;40m--_--[38;2;220;60;60mxx[38;2;255;80;80mxxxxxx[38;2;220;60;60mxx[38;2;190;40;40m--_--[38;2;220;60;60mxxxx[38;2;255;80;80mxxx[38;2;220;60;60mxx[38;2;190;40;40m/
 [38;2;220;60;60mxxx[38;2;255;80;80mxxxxx[38;2;220;60;60mxxxxxxx[38;2;255;80;80mxxxxxxxx[38;2;220;60;60mxxxxxxx[38;2;255;80;80mxxxxx[38;2;220;60;60mxxx
 ,[38;2;220;60;60mxxx[38;2;255;80;80mxxxxxxxxxxxxxxxxxxxxxxxxxxxxxx[38;2;220;60;60mxxx,
  .[38;2;220;60;60mxxx[38;2;255;80;80mxxxxxxxxxxxxxxxxxxxxxxxxxxxx[38;2;220;60;60mxxx.
    -[38;2;220;60;60mxxx[38;2;255;80;80mxxxxxxxxxxxxxxxxxxxxxxxx[38;2;220;60;60mxxx-
      [38;2;190;40;40m\[38;2;220;60;60mxxx[38;2;255;80;80mxxxxxxxxxxxxxxxxxxxx[38;2;220;60;60mxxx[38;2;190;40;40m/
         [38;2;220;60;60mxxx[38;2;255;80;80mxxxxxxxxxxxxxxxx[38;2;220;60;60mxxx
             [38;2;190;40;40m\[38;2;220;60;60mxxx[38;2;255;80;80mxxxxxx[38;2;220;60;60mxxx[38;2;190;40;40m/
                 .[38;2;190;40;40m-[38;2;220;60;60mxx[38;2;190;40;40m-[38;2;160;20;20m.[0m